40.0210 0.00000
40.3470 0.00008
40.6790 0.00019
41.0160 0.00027
41.3580 0.00075
41.7070 0.00000
42.0610 0.00067
42.4220 0.00024
42.7880 0.00185
43.1620 0.00047
43.5410 0.00175
43.9280 0.00000
44.3210 0.00000
44.7210 0.00367
45.1290 0.00953
45.5440 0.02233
45.9670 0.04143
46.3980 0.08209
46.8370 0.10629
47.2850 0.11820
47.7410 0.12644
48.2060 0.12658
48.6800 0.14724
49.1630 0.13457
49.6560 0.10792
50.1600 0.06876
50.6730 0.03866
51.1970 0.04265
51.7320 0.07500
52.2790 0.17287
52.8370 0.28140
53.4070 0.21545
53.9890 0.18521
54.5850 0.23885
55.1930 0.29464
55.8160 0.40094
56.4520 0.46141
57.1030 0.57333
57.7700 0.59571
58.4520 0.59273
59.1510 0.53642
59.8660 0.56499
60.5990 0.57345
61.3500 0.63491
62.1200 0.73329
62.9090 0.96749
63.7190 0.97231
64.5500 0.98465
65.4030 1.01440
66.2790 0.99804
67.1780 0.99912
68.1030 1.06750
69.0530 1.09400
70.0300 1.09810
71.0350 1.08370
72.0690 0.98442
73.1340 0.87555
74.2300 0.75295
75.3610 0.58745
76.5260 0.41521
77.7270 0.42944
78.9670 0.33069
80.2480 0.16932
81.5700 0.09852
82.9370 0.05103
84.3500 0.01844
85.8120 0.00404
87.3260 0.00265
88.8950 0.00451
90.5200 0.00455
92.2060 0.00154
93.9570 0.00052
95.7750 0.00497
97.6640 0.00408
99.6300 0.00158
101.6800 0.00299
103.8100 0.00071
106.0300 0.00000
108.3500 0.00000
110.7800 0.00000
113.3100 0.00000
115.9700 0.00000
118.7500 0.00000
121.6700 0.00000
124.7400 0.00000
127.9600 0.00000
131.3600 0.00000
134.9400 0.00000
138.7200 0.00000
142.7200 0.00000
146.9600 0.00000
151.4500 0.00000
156.2300 0.00000
161.3300 0.00000
166.7600 0.00000
172.5700 0.00000
178.8100 0.00000
185.5100 0.00000
192.7300 0.00000
200.5400 0.00000
